-84.5093994140625,46.48500061035156
-68.20439910888672,49.13249969482422
-70.99639892578125,48.33060073852539
-123.869862556,49.0549702249
-117.632003784,49.2963981628
-121.939002991,49.1528015137
-102.966003418,49.2103004456
-69.09719848632812,48.74610137939453
-76.5969009399414,44.22529983520508
-79.93499755859999,43.1735992432
-73.4169006348,45.5175018311
-91.6386032104,48.7738990784
-73.28109741210938,45.29439926147461
-80.3786010742,43.4608001709
-79.37000274658203,43.86220169067383
-83.3467025756836,47.81999969482422
-75.9906005859,46.2728004456
-74.038696,45.679501
-75.5635986328,45.5217018127
-75.66919708251953,45.3224983215332
-122.70999908447266,49.21609878540039
-78.36329650878906,44.22999954223633
-79.30329895019531,44.974700927734375
-71.393303,46.7911
-82.95559692382812,42.27560043334961
-89.32389831542969,48.37189865112305
-69.58470153808594,47.76440048217773
-72.2656021118164,48.52000045776367
-80.79889678955078,46.625
-71.69139862060547,45.4385986328125
-77.5280990600586,44.118900299072266
-81.376701355,48.5696983337
-79.396202,43.627499
-73.7407989502,45.4706001282
-78.83560180664062,48.20610046386719
-77.7827987671,48.0532989502
-123.183998108,49.193901062
-81.107201,44.7458
-77.31919860839844,45.95220184326172
-79.8473453522,47.6974006546
-81.1539,43.035599
-122.36100006103516,49.025299072265625
-79.422798,46.363602
-123.426002502,48.646900177
-68.20809936523438,48.60860061645508
-79.63059997559999,43.6772003174
-79.4655990600586,43.74250030517578
-82.56780242919922,45.88529968261719
-82.30889892578125,42.9994010925293
-100.237,25.865601
-101.098998,29.332899
-107.875,30.3974
-107.474998474,24.7644996643
-109.83300018310548,27.39259910583496
-106.4290008544922,31.63610076904297
-105.964996338,28.702899932900003
-116.602997,31.7953
-110.9250030517578,27.9689998626709
-111.047996521,29.095899581900003
-100.9290008544922,25.54949951171875
-109.081001282,25.6851997375
-111.3479995727539,25.989200592041016
-97.5252990723,25.7698993683
-115.241997,32.6306
-101.470001,26.9557
-100.107002258,25.7784996033
-110.97599792480467,31.22610092163086
-99.5705032349,27.4438991547
-113.305177,31.351987
-100.535004,28.627399
-98.2285,26.0089
-114.80899810791,30.930200576782
-103.411003113,25.5683002472
-116.97000122070312,32.541099548339844
-77.79560089111328,24.697900772094727
-77.083503,26.5114
-78.04900360107422,25.053800582885746
-77.39550018310547,26.004600524902344
-77.3912963867,26.745300293
-77.88089752197266,25.41710090637207
-77.840103,25.7383
-79.2647018433,25.6998996735
-76.6835021973,25.474899292
-76.3310012817,25.2847003937
-76.82019805908203,24.59429931640625
-76.1768817902,24.8950787333
-78.695602417,26.5587005615
-77.46620178219999,25.0389995575
-81.332901,28.5455
-71.28900146,42.47000122
-83.394096,44.451599
-121.762001,36.68190002
-121.2979965,38.55390167
-116.629997253,35.2804985046
-116.1620026,34.2961998
-94.36740112304688,35.33660125732422
-107.902000427,35.167301178
-97.09980011,36.73199844
-81.14569855,32.00999832
-97.176102,47.949299
-91.9356,34.1731
-87.02189636,30.7241993
-112.4199982,34.65449905
-74.8134994506836,40.27669906616211
-71.00520325,42.36429977
-121.92700195312,38.262699127197
-75.40699768,43.23379898
-114.03099823,40.7187004089
-88.06809997559999,30.626800537100003
-122.221001,37.721298
-95.894096,41.3032
-123.41400146484376,48.14149856567383
-97.433098,37.649899
-94.713898,39.2976
-89.3375015258789,43.13990020751953
-93.15470123291016,36.26150131225586
-112.01200103759766,33.43429946899414
-68.8281021118164,44.80739974975586
-80.1707000732,26.1972999573
-94.71150207519533,32.38399887084961
-82.70939636230001,34.4945983887
-117.53399658203124,47.61989974975586
-80.2407,26.0012
-122.375,37.61899948120117
-112.375999451,48.6083984375
-91.883904,30.0378
-82.2717971802,29.6900997162
-89.97669982910156,35.04240036010742
-109.603996277,31.4689998627
-97.0740966797,31.6378002167
-68.0178985596,46.8714981079
-92.14969635010002,34.916900634799994
-86.68479919,34.67869949
-79.014503479004,35.1708984375
-102.54699707,36.0225982666
-100.778002,29.359501
-118.4079971,33.94250107
-85.8581,33.5882
-81.8498001099,41.4117012024
-75.46600342,39.12950134
-84.6678009033,39.0488014221
-76.7593994141,39.08539962769999
-117.6920013,35.6853981
-98.22850036621094,44.38520050048828
-91.98760223,30.20529938
-74.168701171875,40.692501068115234
-116.223,43.5644
-115.672996521,36.5872001648
-100.723999023,37.9275016785
-101.27999877929688,48.2593994140625
-86.365799,32.3829
-92.30020142,34.85010147
-96.851799,32.847099
-104.7570038,38.67839813
-111.98300170898438,46.6068000793457
-117.1429977,32.86840057
-112.383003235,33.534999847399995
-86.68930053710938,30.42779922485352
-118.334999,33.922798
-67.792098999,46.1231002808
-97.9164962769,36.3391990662
-119.121002197,34.120300293
-117.884003,34.905399
-93.22329711914062,30.126100540161133
-78.9282989502,33.6796989441
-119.9520035,36.33300018
-70.06020355,41.25310135
-76.60880279540001,37.1324996948
-87.49620056150002,36.668598175
-77.037697,38.8521
-76.411797,38.285999
-96.250999450684,28.727500915527
-89.94400024410001,35.9642982483
-74.57720184326172,39.45759963989258
-97.386596679688,35.414699554443
-76.17459869,36.26060104
-104.49700164794922,38.289100646972656
-68.0447998,46.68899918
-122.5810013,47.07920074
-80.152702,26.072599
-95.366699,35.656502
-93.4030990600586,48.566200256347656
-111.97799682617188,40.78839874267578
-100.288002014,34.4337997437
-88.92440032959999,30.4104003906
-84.9913024902,32.337299346900004
-97.8097000122,27.5072002411
-96.76450348,39.05530167
-76.7633972168,40.1935005188
-96.75920104980467,40.85100173950195
-84.58740234375,42.77870178222656
-74.84559631347656,44.93579864501953
-81.38950348,35.74110031
-82.626999,27.7651
-81.86329650879999,26.58659935
-95.34140014648438,29.984399795532227
-68.68560028076172,45.64780044555664
-76.866997,38.810799
-80.22200012207031,36.13370132446289
-117.383003235,34.597499847399995
-86.522102356,30.778799057
-75.71949768,44.05559921
-82.52890015,42.9109993
-119.0569992,35.43360138
-106.3779984,31.80719948
-97.65440368652344,26.228500366210938
-81.11949920654297,33.93880081176758
-110.883003235,32.1665000916
-87.31860352,30.35269928
-87.186599731445,30.473400115967
-97.4011993408,47.961101532
-95.27890015,29.64539909
-104.751998901,39.7016983032
-80.23290253,40.49150085
-95.1587982178,29.6072998047
-122.655998,48.351799
-98.02690124510002,27.7409000397
-83.1930007935,30.9678001404
-80.29060363769531,25.79319953918457
-122.308998,47.449001
-85.20379638671875,35.035301208496094
-73.1261978149414,41.16350173950195
-90.0758972168,32.3111991882
-94.8603973388672,29.265300750732425
-118.1520004,33.81769943
-76.92109680175781,41.241798400878906
-86.294403,39.7173
-93.547897338867,38.73030090332
-81.4669036865,41.0374984741
-90.0847015381,33.4943008423
-73.70760345458984,41.06700134277344
-72.6317977905,40.8437004089
-90.64640045166016,35.83169937133789
-116.78099823,37.7988014221
-80.08509827,26.59300041
-117.2149963,32.69919968
-106.3799973,31.84950066
-114.6060028,32.65660095
-104.26300048828124,32.337501525878906
-92.1936035156,46.8420982361
-85.6636962891,38.2280006409
-110.34400177001952,31.588499069213867
-87.307602,39.4515
-109.762001,48.54299927
-119.3199997,47.20769882
-72.56230164,44.20349884
-119.45800018310548,33.23979949951172
-77.3197021484375,37.50519943237305
-93.8256,32.446602
-76.20120239257812,36.89459991455078
-94.02069854736328,29.9507999420166
-81.20210266,32.12760162
-111.973086,41.12403
-122.86199951171876,45.77099990844727
-82.68740082,27.91020012
-87.638397,45.126701
-95.414497,30.351801
-98.46980285644533,29.533700942993164
-77.67240142822266,43.118900299072266
-80.6100997925,28.2348995209
-74.060798645,40.85010147089999
-103.1039963,44.14500046
-78.7874984741211,35.87760162353516
-84.21939849853516,39.90240097045898
-95.783501,34.882401
-78.94619750976562,43.1072998046875
-96.3313980103,30.7157001495
-81.562303,31.889099
-76.49299622,37.13190079
-92.2957992554,31.3948993683
-99.2667007446,34.667098999
-110.94100189208984,32.1161003112793
-101.358002,48.4156
-121.43699646,39.136100769
-87.8462982178,41.07139968869999
-77.96060181,35.33940125
-71.420403,41.732601
-75.51029968261719,38.34049987792969
-121.10299682617188,38.48680114746094
-118.35900115966795,34.20069885253906
-83.35340118408203,42.212398529052734
-82.533203125,27.975500106811523
-97.2407989502,48.9425010681
-93.1917038,31.0447998
-92.83899689,47.38660049
-94.75,31.2339992523
-102.2020034790039,31.9424991607666
-88.12960052490234,44.48509979248047
-97.0196342,34.30301
-74.59169769,40.0155983
-76.88069916,34.90090179
-82.36990356445312,32.609100341796875
-81.9645004272461,33.36989974975586
-103.641998291,48.177898407
-92.2242965698,34.729400634799994
-74.10479736328125,41.50410079956055
-94.612197876,48.7284011841
-121.492996216,38.5125007629
-92.14070129,37.74160004
-84.51629639,33.91540146
-117.65599823,47.6151008606
-84.671095,44.359798
-85.57540130619999,30.0695991516
-97.038002,32.896801
-80.64530181884766,28.10280036926269
-122.475997925,47.1376991272
-97.6698989868164,30.194499969482425
-82.927803,39.813801
-87.395401001,46.3535995483
-83.9940033,35.81100082
-97.7145004272,31.1387004852
-90.370003,38.748697
-75.072197,39.367802
-98.491898,33.9888
-84.41860199,39.10329819
-84.428101,33.6367
-120.5680008,37.38050079
-121.401001,38.66759872
-85.52279663,42.88079834
-103.200996399,31.7796001434
-119.71800231933594,36.77619934082031
-80.417901,27.6556
-115.57900238,32.834201812699995
-86.6781997680664,36.1245002746582
-99.46160125732422,27.543800354003903
-78.31999969,40.29639816
-99.854598999,32.4207992554
-92.81330108642578,33.22100067138672
-73.87259674,40.77719879
-84.35030364990234,30.396499633789062
-88.24859619,41.90779877
-97.23049926757812,31.611299514770508
-69.7973022461,44.3205986023
-97.09719849,32.08349991
-81.680603,30.2358
-88.915604,35.599899
-85.9720993042,37.9071006775
-77.43969727,34.70840073
-100.49600219726562,31.35770034790039
-115.513000488,32.6694984436
-121.8580017,39.79539871
-73.15329742429999,44.4719009399
-81.68789672851562,30.49410057067871
-107.753997803,37.1515007019
-77.45580292,38.94449997
-96.36380005,30.58860016
-117.32299804688,47.682800292969
-87.89659881591797,42.94720077514648
-99.6819000244,32.4113006592
-92.21959686279295,38.81809997558594
-122.5979996,45.58869934
-80.897003173828,25.861799240112
-80.09559631347656,26.68320083618164
-97.362396,32.819801
-75.46549987790002,44.6819000244
-70.5214004517,41.6584014893
-122.302001953125,47.52999877929688
-98.58110046,29.38419914
-93.66310119628906,41.53400039672852
-77.04290008539999,35.0730018616
-117.190002441,32.7336006165
-92.0376968383789,32.51089859008789
-80.47059631,33.97269821
-117.60099792480467,34.055999755859375
-96.0652999878,33.0677986145
-104.53099822998048,33.30160140991211
-83.00990295,42.40919876
-97.4259033203125,25.90679931640625
-85.44960021972656,31.3213005065918
-74.9083023071,39.0084991455
-118.7009964,39.41659927
-82.836919,42.613463
-108.230003357,36.7411994934
-97.5011978149414,27.77039909362793
-76.1063003540039,43.11119842529297
-81.68890381,24.57579994
-87.752403,41.785999
-121.929001,37.362598
-103.2170029,32.6875
-75.010597,40.081902
-104.672996521,39.861698150635
-75.24109649658203,39.87189865112305
-96.38439941,42.40259933
-83.64920043945312,32.69279861450195
-107.272003174,33.2369003296
-118.0849991,34.62939835
-98.27890015,29.52969933
-115.671996,32.829201
-82.891899,39.998001
-94.17009735107422,36.00510025024414
-98.40219879,34.64979935
-93.60820007,45.55989838
-84.0483016968,39.8260993958
-111.810997,33.2691
-98.0602035522,32.7816009521
-97.26820374,37.62189865
-90.03500366,29.82530022
-80.6343994141,32.4122009277
-93.99099731445312,33.45370101928711
-73.46810150146484,44.6509017944336
-76.1688,39.466202
-103.602996826,35.182800293
-97.8289031982,31.067199707
-108.79199981689452,35.08319854736328
-122.53800201416016,48.79280090332031
-89.8703,35.356701
-79.85710144,38.88940048
-72.649398803711,41.736698150635
-71.49140167239999,41.9207992554
-88.242797851562,30.691200256348
-122.049004,37.4161
-106.088996887,35.617099762
-93.3398971558,30.8316993713
-110.848,31.4177
-82.52120209,27.84930038
-89.835197,38.5452
-80.278397,25.907
-100.927001953,29.3742008209
-81.75520324707031,26.53619956970215
-76.569397,40.434799
-73.77890015,40.63980103
-80.38359833,25.48859978
-117.4449997,33.95190048
-94.9147033691,39.3683013916
-75.4664001465,37.9402008057
-106.107002258,32.8525009155
-75.14820099,40.19979858
-104.8119965,41.15570068
-121.2379989624,37.894199371338
-80.04049683,32.89860153
-119.76799774169922,39.49909973144531
-83.53040314,42.23789978
-120.583999634,34.7373008728
-86.75350189,33.56290054
-74.353302,40.03329849
-115.033996582,36.2361984253
-117.259003,33.880699
-120.9540024,37.62580109
-121.59100341796876,38.69540023803711
-87.867897033691,42.422199249268
-104.700996,38.805801
-78.73220062,42.94049835
-82.6522979736,41.4333992004
-122.2819977,47.90629959
-115.872002,43.043598
-113.0989990234375,37.70100021362305
-72.68319702149999,41.9388999939
-98.23860168,26.17580032
-76.289299,36.937599
-72.53479767,42.19400024
-101.822998,33.663601
-87.9048,41.9786
-80.1076965332,26.3784999847
-77.30529785,38.50170135
-103.321998596,34.3828010559
-95.912498474121,41.118301391602
-76.02169799804688,43.99190139770508
-116.50700378417967,33.8297004699707
-101.706001,35.219398
-94.19259644,42.55149841
-93.6626968384,32.5018005371
-95.6635971069,38.9509010315
-99.22029877,28.45669937
-77.90260314941406,34.270599365234375
-91.149597,30.533199
-88.55560303,32.55210114
-95.40239715576172,32.35409927368164
-76.668297,39.1754
-99.051313,34.991317
-92.54979705810548,31.32740020751953
-106.4029999,32.34149933
-95.88809967041016,36.19839859008789
-73.10019684,40.79520035
-93.221802,44.882
-75.60649872,39.67869949
-90.25800323486328,29.99340057373047
-70.30930328,43.64619827
-97.60070037841795,35.39310073852539
-73.80169677734375,42.74829864501953
-76.360496521,37.082901001
-117.8679962,33.67570114
-88.44380187990001,33.6437988281
-80.432800293,25.6478996277
-76.033501,36.820702
-86.1520996094,40.6481018066
-106.463997,42.908001
-86.525398,30.4832
-86.987800598145,32.343898773193
-81.75959777832031,24.556100845336918
-80.94309997558594,35.2140007019043
-115.1520004,36.08010101
-81.30899810791016,28.429399490356445
-79.7238998413086,34.18539810180664
-111.3710022,47.48199844
-80.67910004,41.26070023
-123.1360016,45.19440079
-83.5919036865,32.6400985718
-117.110001,46.7439
-117.01499938964844,46.3745002746582
-76.8916015625,42.1599006652832
-76.4583969116211,42.49100112915039
-121.84300231933594,36.58700180053711
-119.8399963,34.42620087
-81.058098,29.179899
-74.00900269,40.70119858
-72.88680267,41.26369858
-82.54180145263672,35.43619918823242
-79.93730163574219,36.097801208496094
-96.741897583,43.5820007324
-71.435699,42.932598
-81.7752990723,26.1525993347
-85.736,38.1744
-78.4529037475586,38.13859939575195
-79.975403,37.3255
-84.60590362548828,38.0364990234375
-87.5324020386,38.0369987488
-106.609001,35.040199
-111.1529999,45.77750015
-108.54299926757812,45.80770111083984
-112.49700164794922,45.95479965209961
-85.58219909667969,44.74140167236328
-68.3615036,44.45000076
-69.09919739,44.06010056
-110.73799896240234,43.6072998046875
-89.09719848632812,42.19540023803711
-82.2189025879,34.8956985474
-88.91590118,40.47710037
-89.07009887695312,30.40730094909668
-85.5521011352539,42.234901428222656
-83.80780029,41.58679962
-85.19509888,40.97850037
-88.8656997680664,39.834598541259766
-91.71080017089844,41.88470077514648
-91.256699,43.879002
-89.6668014526,44.7775993347
-89.6932983398,40.664199829100006
-88.5190963745,44.2580986023
-92.5,43.90829849243164
-88.27809906,40.03919983
-96.6707992553711,39.14099884033203
-79.8603973389,41.3778991699
-108.527000427,39.1223983765
-113.510306,37.036389
-95.5528030396,30.0618000031
-96.444419,28.429725
-82.55439758300781,27.39539909362793
-118.48999786377,34.209800720215
-90.50749969482422,41.44850158691406
-85.6828,30.212099
-100.74600219726562,46.77270126342773
-107.9079971,37.9538002
-103.05699920654295,44.0452995300293
-117.2799988,33.12829971
-83.74359893798828,42.96540069580078
-122.2929993,40.50899887
-123.21199798583984,44.12459945678711
-112.070999,43.514599
-122.8730010986328,42.37419891357422
-121.1500015,44.2541008
-123.388867378,48.4249858939
-81.44219970703125,40.91609954833984
-86.775100708008,34.637199401855
-81.43920135498047,39.34510040283203
-86.39399719,32.30059814
-82.407401,36.475201
-88.7738037109375,37.06079864501953
-111.447998,36.92610168
-114.25599670410156,48.31050109863281
-84.07959747314453,43.532901763916016
-75.97979736,42.20869827
-114.717002869,33.6192016602
-81.23750305175781,28.7775993347168
-78.83390045166016,40.31610107421875
-114.0910034,46.91630173
-112.14700317382812,35.95240020751953
-95.65650177002,29.622299194336
-104.848999,39.57009888
-103.07900238,34.4250984192
-102.916000366,30.9157009125
-105.141998291,35.6542015076
-95.6725997925,29.8181991577
-103.5090027,38.04970169
-106.9219970703125,32.289398193359375
-98.8909988403,32.71900177
-97.40779876708984,31.15250015258789
-101.20300292969,30.735300064087
-106.9179993,39.64260101
-81.4863967896,41.5651016235
-82.5166015625,40.82139968869999
-84.93890380859375,32.516300201416016
-98.4166030884,34.5676994324
-105.011,40.451804
-111.6709976,35.13850021
-119.99500274658205,38.89390182495117
-114.487999,42.4818
-70.6143035889,41.3931007385
-71.50229645,43.20270157
-72.04509735107422,41.3301010131836
-94.05989837646484,45.54660034179688
-88.5914001465,33.450298309299995
-123.93699646,46.9711990356
-80.1738667488,42.0831270134
-70.28040314,41.66930008
-111.78800201416,34.848598480225
-79.91629791,39.64289856
-81.59320068359375,38.37310028076172
-75.72339630130001,41.3385009766
-94.93370056,47.50939941
-96.81580352783205,46.92070007324219
-94.5927963256836,39.12319946289063
-105.539001465,44.3488998413
-117.7310028076172,33.67610168457031
-77.84870147710001,40.8493003845
-88.75189971923828,32.33259963989258
-89.67790222,39.84410095
-108.627998352,37.3030014038
-107.2180023,40.48120117
-108.789001465,35.511100769
-100.9599991,37.0442009
-102.68800354,38.0696983337
-101.6989975,39.37060165
-109.024002075,44.520198822
-93.38860321,37.24570084
-94.49829864501952,37.151798248291016
-75.44080352783203,40.652099609375
-94.306801,36.281898
-86.31729888916016,41.70869827270508
-85.15280151,41.14339828
-124.109,40.978101
-77.61209869380001,34.8292007446
-87.611396789551,33.220600128174
-90.70950317,42.40200043
-93.439697265625,48.65420150756836
-123.111000061,49.2943992615
-70.714699,46.096401
-118.052002,33.79000092
-80.69450378417969,28.614999771118164
-98.42179870605467,45.449100494384766
-84.19450378417969,31.535499572753903
-83.32630157470703,33.94860076904297
-105.990997314,32.8399009705
-92.40029907226562,42.55709838867188
-118.288002,46.09489822
-83.56030273,45.0780983
-97.15470123,44.91400146
-78.64009857177734,41.8031005859375
-103.5960007,41.87400055
-81.1241989136,37.7873001099
-81.46649932861328,31.2588005065918
-91.12550354003906,40.783199310302734
-124.2369995,41.78020096
-89.57080078125,37.22529983520508
-84.47239685058594,46.25080108642578
-80.2281036377,39.2966003418
-123.5,48.12020111083984
-88.48909759521484,47.168399810791016
-99.9655990600586,37.76340103149414
-78.8986969,41.17829895
-91.48429870605467,44.86579895019531
-115.79199981689452,40.82490158081055
-70.95690155029297,41.67610168457031
-78.88030242919922,34.9911994934082
-106.614998,48.212502
-98.30960083007812,40.96749877929688
-93.09619903564452,34.47800064086914
-82.55799866,38.36669922
-92.5448989868164,40.09349822998047
-98.67819977,46.92969894
-105.6750030517578,41.31209945678711
-79.40480042,40.27590179
-100.6839981,41.12620163
-72.30419921880001,43.6260986328
-121.733002,42.156101
-76.29609680175781,40.121700286865234
-109.46700286865234,47.04930114746094
-79.20040130615234,37.326698303222656
-86.23819733,43.16949844
-105.88600158691406,46.428001403808594
-87.61019897,34.74530029
-124.24600219726562,43.41709899902344
-87.16680145,37.74010086
-89.33709716796875,31.467100143432617
-112.59600067138672,42.9098014831543
-100.2860031,44.38270187
-84.79669952,45.57089996
-70.8233032227,43.0778999329
-75.96520233154297,40.37850189208984
-89.46749877929688,45.63119888305664
-109.065001,41.5942
-72.94960022,43.52939987
-120.641998291,35.2368011475
-106.9800033569336,44.76919937133789
-74.2061996459961,44.38529968261719
-97.6521987915039,38.79100036621094
-120.4570007,34.89889908
-88.7698974609375,34.26810073852539
-91.19460297,39.94269943
-96.9185028076172,28.85260009765625
-83.27670288085938,30.78249931335449
-107.95099639892578,43.9656982421875
-120.5439987,46.56819916
-111.61499786377,25.053800582886
-114.024002,28.0261
-75.673797,24.6294
-77.30000305175781,25.08300018310547
-81.20770263671875,37.29579925537109
-90.98560333251952,33.4828987121582
-119.11900329589844,46.26470184326172
-122.93800354003906,48.4838981628418
-71.87570190429688,42.26729965209961
-122.76499938965,47.490200042725
-95.202796936035,43.165500640869
-92.1560974121,38.5912017822
-122.148456,47.682043
-70.2213973999,42.0718994141
-117.980003357,33.8720016479
-80.709099,35.387798
-114.2959976,43.50439835
-93.3312988281,43.157798767100005
-111.6549988,33.30780029
-77.72949982,39.707901
-87.0936965942,45.7226982117
-89.01110077,37.75500107
-98.23860168457033,30.73889923095703
-117.35399627686,33.217300415039
-88.1145019531,45.8184013367
-87.5614013671875,46.53390121459961
-86.8211975098,41.7033004761
-90.3828964233,47.8382987976
-89.6266021729,44.9262008667
-85.3958969116211,40.2422981262207
-86.93689727783203,40.41230010986328
-83.88269805908203,38.88190078735352
-115.19400024414,36.21070098877
-87.92780304,42.59569931
-107.893997192,38.5097999573
-108.459999084,43.064201355
-118.841003418,45.695098877
-88.55699920654297,43.98440170288086
-120.207000732,47.3988990784
-97.4414978,32.76919937
-87.41280364990234,41.61629867553711
-94.13809967,46.39830017
-80.3994979858,37.8582992554
-77.38529968,35.6352005
-119.20700073242,34.200801849365
-93.200544,36.532082
-73.928901672363,42.852500915527
-81.339798,29.9592
-122.8130035,38.50899887
-81.4371032715,28.2898006439
-82.57689666750001,30.1819992065
-81.28379822,29.06699944
-81.68515,29.904057
-111.851997375,41.7911987305
-112.061996,41.552399
-112.2969970703125,42.16659927368164
-106.8690033,39.22320175
-99.0857009888,29.9766998291
-75.35890198,38.68920135
-98.8591995239,38.3442993164
-99.27320099,38.84220123
-90.652000427246,38.662101745605
-91.83070374,47.82450104
-93.50980377,47.21110153
-96.18499756,48.06570053
-89.26830291750001,45.9323005676
-89.73090363,45.92789841
-93.56639862060548,41.69139862060547
-97.29109955,27.69260025
-118.416,33.4049
-118.1520004,35.05939865
-97.86060333250002,38.0654983521
-94.909698486328,39.771900177002
-87.02300262451172,30.70439910888672
-90.253402709961,43.938999176025
-106.9329987,38.53390121
-118.33999633789,33.803398132324
-86.24690247,44.2723999
-81.9905014,26.92020035
-68.31279754639999,47.2854995728
-79.25800323,42.15340042
-74.7799987793,46.4094009399
-84.6158981323,37.0533981323
-78.8964004517,38.2638015747
-98.90879822,48.11420059
-102.802001953,46.7974014282
-104.193001,47.706902
-103.095001221,42.837600708
-102.804000854,42.0531997681
-100.5920029,40.20629883
-81.051399,24.726101
-104.8069992,47.13869858
-105.574996948,48.0945014954
-111.1179962,44.68840027
-105.866997,37.434898
-109.7549973,38.75500107
-114.8420029,39.29970169
-109.5100021,40.4408989
-105.53500366211,33.462799072266
-110.005996704,34.265499115
-116.1009979,44.88970184
-113.880996704,45.1237983704
-118.8379974,37.62409973
-123.024002075,48.5219993591
-122.910003662,48.7081985474
-123.878997803,46.158000946
-124.057999,44.580399
-117.8300018,35.65879822
-119.392997742,36.3186988831
-120.5139999,37.28469849
-112.375999451,33.4225006104
-71.64189910889999,48.50889968869999
-68.49690246582031,48.47809982299805
-123.949996948,49.1833000183
-123.4969,48.8545
-123.012001,49.0742
-122.630996704,49.10079956049999
-108.53800201416,25.652200698853
-77.98459625,39.40190125
-81.05719757,34.9878006
-79.9301986694336,40.354400634765625
-81.876701355,30.2187004089
-84.5214004517,33.7790985107
-83.072998,40.0798
-96.8364028931,32.9686012268
-86.47149658,30.40010071
-77.60880279540001,35.331401825
-75.67130279540001,36.0181999207
-111.72299957275,40.219200134277
-106.8659973,40.5163002
-112.508003235,39.3805999756
-112.0989990234375,38.73640060424805
-110.7509995,39.61389923
-106.268997192,35.8797988892
-114.358002,34.571098
-110.722999573,35.021900177
-109.505996704,31.3425998688
-81.78340148930002,27.9433994293
-121.819999695,37.6934013367
-120.040000916,37.5108985901
-116.16000366211,33.62670135498
-118.450996399,34.015800476100004
-116.27500152588,33.748401641846
-111.91100311279,33.622898101807
-122.9029999,46.9693985
-121.8570023,38.57910156
-107.726997,39.526299
-106.823997,41.444901
-84.3020019531,33.8755989075
-86.61669921875,39.14599990844727
-80.22109985,27.18169975
-74.41490173339844,40.79940032958984
-122.280998,38.2132
-116.98000335693,32.572299957275
-82.440299987793,27.071599960327
-80.69339752,26.78499985
-85.795414,30.357106
-117.23500061,34.0954017639
-122.25,37.511901855469
-77.89189910888672,35.856300354003906
-116.97200012207,32.826198577881
-118.5879974,33.02270126
-120.13999939,39.3199996948
-84.59860229,34.01319885
-112.720001221,44.7356987
-110.447998047,45.6994018555
-109.9810028076172,45.806400299072266
-86.107398986816,42.742900848389
-110.200996399,37.0167007446
-74.007103,40.754501
-82.018602,27.988899
-90.678902,33.485699
-117.127998352,33.5741996765
-82.86869812011719,41.516300201416016
-84.224899292,39.5890007019
-84.8427963256836,39.75719833374024
-83.66870117190001,41.0135002136
-79.850102663,43.4414531515
-96.1912002563,38.3320999146
-103.78299713135,44.48030090332
-89.78690338130001,34.9786987305
-79.875,43.7602996826
-105.1169968,39.90879822
-123.0029984,44.90950012
-90.346702575684,34.680999755859
-108.730003357,42.8152008057
-88.034401,43.110401
-89.0416030884,42.620300293
-97.09429931640624,32.66389846801758
-83.96240234,33.97809982
-86.41970062259999,36.9645004272
-95.984596252441,36.039600372314
-112.144996643,37.706401825
-79.47489929199219,36.04850006103516
-94.890296936,38.8308982849
-76.06900024410001,38.8041992188
-121.5699997,39.09780121
-97.9598999,34.47090149
-99.743598938,29.2112998962
-88.09619904,41.6072998
-122.056999207,37.9897003174
-80.274803161621,25.325399398804
-78.894997,43.922798
-82.23139953610001,39.2109985352
-83.840202331543,39.840301513672
-95.622497558594,39.068698883057
-99.82389831542967,29.229400634765625
-86.507262,37.610022
-86.5201034546,36.0089988708
-85.898101806641,35.205101013184
-96.59049988,33.17789841
-87.901494,42.114222
-122.898002625,46.11800003049999
-83.792098999,39.427898407
-111.218002319,32.4095993042
-111.766998,32.954899
-112.2689971923828,33.111900329589844
-112.685997,33.42039871
-112.6780014,32.95809937
-84.56259918,35.39730072
-103.2649994,40.61529922
-107.1999969,41.80559921
-74.2814025879,40.875198364300005
-92.54949951170002,38.0960006714
-83.881301879883,30.901599884033
-115.134002686,35.9728012085
-83.4885025024,31.4290008545
-112.083000183,33.6883010864
-73.4133987427,40.7288017273
-99.176696777344,29.35950088501
-80.6463012695,40.1749992371
-83.27050018310547,31.68370056152344
-97.0446014404,28.0867996216
-83.77390289,31.98880005
-81.11360168457031,29.300600051879883
-122.40100097656,45.54940032959
-122.949997,45.540401
-73.99960327148438,40.71260070800781
-121.2009964,44.09479904
-120.66600036621094,43.23649978637695
-118.955001831,43.5918998718
-120.90399932861,44.286998748779
-122.251998901,40.1506996155
-122.55599975586,38.143600463867
-120.399002075,42.1610984802
-123.814002991,45.4182014465
-117.01399993896,44.020500183105
-121.166999817,45.6184997559
-77.1660003662,39.1683006287
-77.25170135498047,45.86439895629883
-85.2748031616211,45.3047981262207
-74.56330108642578,45.09280014038086
-81.206299,29.4674
-72.6139984131,44.53459930419999
-96.8682022095,32.6809005737
-71.8033981323,41.3496017456
-71.577796936,41.1680984497
-84.63739777,30.9715004
-119.2509994506836,39.40299987792969
-118.413002014,34.2593002319
-120.111999512,36.9886016846
-117.60900116,49.0555992126
-123.450450897,48.6538920506
-85.02749634,29.72750092
-82.8604965209961,31.47669982910156
-80.36830139,27.49510002
-71.0166015625,41.8744010925293
-70.728798,41.909
-71.412101745605,41.597099304199
-71.1728973389,42.1904983521
-72.715599,42.157799
-72.1802978515625,41.74399948120117
-74.26460266,41.50999832
-76.85150146480001,40.2170982361
-70.67220306396484,42.09830093383789
-73.48220062259999,41.3714981079
-71.51480102539999,42.7817001343
-71.1233978271,42.7172012329
-73.135200500488,41.47859954834
-71.75900268554688,42.55410003662109
-84.88469696039999,33.7565002441
-84.84870147705078,34.12310028076172
-85.610069,34.089977
-85.15799713130001,34.3506011963
-86.088996,33.972599
-83.8739013671875,35.96390151977539
-83.66739655,33.98289871
-81.59709930419922,32.645301818847656
-84.87020111,34.72290039
-85.1520004272461,33.63100051879883
-85.072601,33.0089
-83.240701,33.154202
-84.8824005127,32.8406982422
-84.5718002319336,33.3572998046875
-83.8302002,34.27259827
-81.419700622559,40.470901489258
-79.890098,34.449401
-80.6975021362,32.2243995667
-82.0393981934,33.4664993286
-81.611397,35.820202
-82.56639862,37.5617981
-84.16519927978516,33.365699768066406
-83.29579926,34.59379959
-97.3188018799,32.9875984192
-88.37259674072266,42.79719924926758
-86.34439849853516,48.75529861450195
-84.75890350341797,49.19309997558594
-79.98139953613281,48.21030044555664
-85.86060333251953,49.08390045166016
-84.78669738769531,47.96670150756836
-81.85810089111328,45.84280014038086
-80.1583023071,44.4491996765
-80.34249877929688,43.13140106201172
-95.21659851,39.01119995
-97.38829803466795,37.32360076904297
-80.111099243164,26.247100830078
-86.78279877,33.17699814
-111.89800262451172,33.81809997558594
-86.04499817,39.93519974
-84.08489990230001,37.0821990967
-78.93669891,35.13180161
-87.8152008057,42.7606010437
-117.14600372314452,34.08530044555664
-117.41100311279295,33.98970031738281
-122.5780029,47.26789856
-87.67179871,30.29050064
-75.9949035645,40.9868011475
-78.7609024048,39.615398407
-81.57980346679688,24.648799896240234
-90.181602478,43.2117004395
-90.40249633789062,45.70899963378906
-89.59040069580078,42.61489868164063
-88.17549896,41.51779938
-89.153099,41.351898
-84.45939636230001,42.2597999573
-79.65709686,39.95920181
-78.5121994,40.08530045
-75.2650985718,40.1375007629
-80.8498001099,27.2628002167
-81.3423996,27.45639992
-81.52780151,27.59119987
-81.753304,28.062901
-82.15589904790001,28.2282009125
-82.22419739,29.17259979
-81.88249969,31.55400085
-83.46040344240001,33.6120986938
-84.7697982788086,33.31159973144531
-82.51650238,33.52970123
-81.684998,33.649399
-80.56490325930001,34.2835998535
-79.05940246579999,34.6099014282
-79.3911972,35.23740005
-79.759598,34.8913
-89.77020264,43.52270126
-80.953903198242,35.765300750732
-88.30460357666016,42.69070053100586
-77.42230225,41.13560104
-80.16069794,40.80160141
-82.17759705,41.34429932
-81.68329620361328,41.51750183105469
-79.27200317,42.49330139
-74.845703125,39.9429016113
-74.2445983887,40.617401123
-85.083504,41.639702
-85.84010314941406,41.27470016479492
-84.6093978881836,40.86470031738281
-84.95549774169922,42.25120162963867
-78.16760254,43.03170013
-82.7586975098,27.9766998291
-81.80809783939999,28.1669998169
-87.60790252685547,41.85879898071289
-84.4573974609375,34.453399658203125
-78.72389984130001,33.8116989136
-87.52950286865234,41.5349006652832
-116.915001,33.0392
-85.05259705,41.9333992
-75.8511962891,41.2971992493
-81.3897018433,41.6839981079
-84.90470123,38.18249893
-70.2835006714,44.048500061
-90.48349762,43.97499847
-81.672501,25.995001
-83.74389648440001,46.0093002319
-84.47499847410002,43.9706001282
-86.25569915771484,42.351200103759766
-90.1893005371,44.6369018555
-89.83899688720001,44.3602981567
-90.3291015625,41.8311004639
-70.91649627689999,42.5842018127
-72.67939758300781,46.35279846191406
-90.324897766113,36.773899078369
-74.67019653320312,40.6259994506836
-67.01270294189453,44.910099029541016
-91.4284973145,40.4598999023
-93.05999755859376,44.93450164794922
-88.47229766845703,43.13890075683594
-84.5220031738,39.3638000488
-88.48840332030001,43.7711982727
-89.01979828,44.33330154
-89.530296325684,44.5452003479
-85.4572982788086,46.31119918823242
-82.7238006592,40.7533988953
-87.4150009155,36.6218986511
-120.468002319,34.665599823
-75.8655014,39.97900009
-73.96189880370001,44.2644996643
-84.026703,40.706902
-81.39129639,31.15180016
-80.39140319820001,40.7724990845
-79.3196029663,33.3116989136
-84.8323974609375,35.22010040283203
-122.216003418,47.4930992126
-117.78199768066,34.091598510742
-83.10479736330001,29.6354999542
-82.8864975,34.6719017
-97.21499633790002,37.6944999695
-84.93920135,34.45539856
-83.55670166,34.49990082
-97.6793975830078,30.678800582885746
-73.86289978,41.9715004
-102.9850006,41.10129929
-84.8010025024414,33.38090133666992
-83.422302,44.312801
-86.55750275,34.8614006
-77.557503,39.077999
-93.211401,45.145
-77.121,43.234699
-105.225997925,40.0393981934
-122.114997864,37.461101532
-111.727996826,33.4608001709
-111.427001953125,32.9359016418457
-112.035003662,34.7299995422
-111.918528,32.990806
-112.7990036,33.96889877
-83.420097351074,42.665500640869
-72.27079772949219,42.898399353027344
-106.52799987792967,48.42110061645508
-91.5465011597,41.6391983032
-95.1093978881836,43.91339874267578
-119.6520004272461,44.66170120239258
-76.568398,38.942902
-103.51100158691,31.382400512695
-89.25279999,31.26479912
-97.385902404785,42.916698455811
-72.74140167239999,45.2907981873
-122.122001648,37.659198761
-83.74559783939999,42.2229995728
-84.332397,33.389099
-122.31999969482422,37.78889846801758
-81.01360321044922,49.10559844970703
-81.40100098,26.43320084
-121.11000061035156,35.60770034790039
-77.507400512695,37.183799743652
-87.85140228,43.76959991
-111.32800293,32.5106010437
-112.29499816894533,33.52690124511719
-109.6350021,32.85480118
-89.561798095703,36.898899078369
-73.6102981567,43.3412017822
-73.86119843,43.05130005
-82.57129669189453,28.867300033569336
-76.413803,39.325699
-121.35099792480467,38.90919876098633
-83.39450073,41.19079971
-70.9478988647,43.9911003113
-82.2511978149414,26.85449981689453
-90.028297424316,30.042400360107
-116.8199997,47.77429962
-94.21579742430002,30.0706996918
-87.59590149,40.19919968
-80.799201965332,28.514799118042
-95.5883026123,29.7224998474
-93.4570999146,44.8272018433
-94.73760223,38.84759903
-79.55560302730001,44.4852981567
-79.9282989502,44.6833000183
-79.26219940185547,43.93579864501953
-78.64,45.1108333333
-78.783897,44.3647
-79.17169952392578,43.19169998168945
-79.962799,44.441101
-79.31021690370001,44.67765578389999
-79.49500274658203,44.08940124511719
-79.829697,45.2575
-81.062798,44.158298
-75.58190155029297,39.9901008605957
-77.51540375,38.72140121
-95.462097168,29.1086006165
-88.8453979492,39.4104003906
-122.02200317382812,47.19570159912109
-81.10880279541016,34.31549835205078
-70.9292984008789,43.28409957885742
-97.2744979858,38.0582008362
-110.406997681,41.3918991089
-119.7910004,46.21340179
-122.983001709,46.6769981384
-119.920998,46.687401
-111.0350037,41.27479935
-95.77940368652344,39.90420150756836
-79.78289795,32.89780045
-84.188904,32.110802
-85.1288986206,31.9512996674
-81.79460144042969,33.92679977416992
-75.69550323,35.91899872
-85.433998,32.615101
-76.096296,42.078499
-86.92590332,33.31290054
-104.41000366210938,38.8744010925293
-93.35389709472656,45.0620002746582
-88.738897,32.0849
-82.98529816,32.56439972
-123.2900009,44.49720001
-112.0120010376,41.195899963379
-78.56009674070002,36.5957984924
-94.62129974365234,35.02159881591797
-103.222000122,40.1755981445
-123.14800262451,47.233600616455
-123.233001709,48.75
-79.61759948730469,35.911800384521484
-78.39969635009766,27.266700744628903
-75.1222991943,40.3330001831
-77.049797058105,35.570499420166
-75.9552001953125,35.562400817871094
-97.08570098877,36.161201477051
-95.948699951172,35.668098449707
-96.7731018066,35.9499015808
-99.2005004883,35.3398017883
-97.0375976562,37.168598175
-97.64710236,35.53419876
-93.7450027466,32.5401992798
-98.177696228027,32.215301513672
-97.2771987915039,36.38560104370117
-98.14859771728516,31.6658992767334
-96.671303,34.804298
-96.53040313720705,32.74700164794922
-97.1979980469,33.2006988525
-97.5663935,30.3974931
-97.96949768066406,30.49860000610352
-96.3742981,30.21899986
-97.99449920654295,30.357500076293945
-101.891998291,30.9057006836
-98.42530059814452,29.812700271606445
-82.5614013672,46.351398468
-81.09829711910001,36.2228012085
-80.00289916992188,32.70090103149414
-79.33609771728516,36.572898864746094
-79.01640319820001,37.1417007446
-79.95700073,34.71289825
-81.880500793457,27.51490020752
-79.12220001,33.82849884
-84.68800354,43.322101593
-79.8946991,35.65449905
-78.00360107421875,34.717899322509766
-77.48280334472656,36.6869010925293
-118.035004,34.086102
-81.5593032836914,37.600399017333984
-98.471099853516,29.336999893188
-94.80280304,35.4382019
-94.03489685,30.88570023
-93.99909973144533,37.8567008972168
-104.017997,30.371099
-103.683998108,30.3841991425
-117.68800354,34.1115989685
-83.979599,38.05810165
-86.00319671630001,41.7193984985
-85.93479919433594,41.44620132446289
-80.9952011108,33.970500946
-94.73860168,36.60680008
-97.69129944,38.35240173
-82.376404,34.758301
-83.76730346679688,32.51060104370117
-80.11920166019999,34.4030990601
-79.065902,35.935001
-79.5958023071,42.8722000122
-78.07499695,33.9292984
-77.52500153,37.40650177
-78.52919769,36.36159897
-81.80870056,28.82309914
-117.637001,33.97470093
-83.46199799,39.93270111
-120.6269989,35.67290115
-122.500999451,37.5134010315
-118.2190018,34.74110031
-78.98419952,36.28490067
-86.05090332030001,33.569900512699995
-82.34999847410002,34.8479003906
-93.91870117,44.22159958
-86.012101,31.860399
-86.30549621582031,33.17179870605469
-85.89990234,31.29969978
-111.1750030517578,32.1422004699707
-85.9629974365,32.914699554399995
-72.82949829101562,41.50870132446289
-75.86630249023438,38.97010040283203
-85.32649994,39.87590027
-100.88500213623048,38.47430038452149
-99.336502,40.452099
-98.74690247,37.70159912
-96.59400177,41.2412986755
-99.7772979736,40.7910003662
-100.8300018,37.49140167
-95.760597229,41.2592010498
-86.05899810791,40.528198242188
-95.64610290527344,37.43539810180664
-101.879997,37.000702
-104.54299926757812,39.785301208496094
-90.431098938,40.9379997253
-101.508003235,36.6851005554
-100.3560028076172,37.27690124511719
-93.66690063476562,36.59170150756836
-101.3740005,37.60400009
-103.06700134277344,39.27999877929688
-95.7783966064,37.1584014893
-97.0779037475586,37.67160034179688
-99.08599854,38.20859909
-98.1958999633789,31.106199264526367
-95.8635025024,28.9733009338
-95.450798034668,33.636600494385
-95.5718994141,37.09400177
-81.42970275878906,33.93579864501953
-104.633003235,40.4374008179
-90.05400085,35.20069885
-96.52020264,41.44910049
-118.007003784,45.2901992798
-75.378897,41.137503
-75.381896972656,40.435199737549
-116.850997925,33.9230995178
-97.435096740723,41.985500335693
-122.1589966,48.16070175
-82.44930267334,27.915599822998
-71.920797,41.0765
-87.00710297,41.45399857
-86.40789795,43.96250153
-121.819000244,37.332901001
-119.09400177001952,34.21369934082031
-121.790000916,36.9356994629
-121.410003662,36.8932991028
-76.71610260009766,37.239200592041016
-83.35160064697266,40.224700927734375
-81.508301,43.285599
-72.375,48.778499603271
-78.249702,48.563903
-81.7106018066,43.7668991089
-121.498001099,49.3683013916
-67.45330047607422,48.85689926147461
-70.2238998413086,47.59749984741211
-80.8375015259,44.5903015137
-81.11080169677734,42.77000045776367
-75.64610290530001,45.4603004456
-76.0222015381,45.3191986084
-75.94059753417969,44.94580078125
-67.83470153808594,47.157501220703125
-118.43099975585938,49.01559829711914
-90.0459976196,38.89030075069999
-95.3946990967,45.8662986755
-85.8963012695,39.2619018555
-99.3238983154,31.1793003082
-118.363998413,37.3731002808
-117.808998108,44.8372993469
-110.1110001,42.58509827
-92.4704971313,36.3689002991
-85.2515029907,42.3073005676
-113.772003174,42.5425987244
-92.6108016968,43.0726013184
-95.4850997925,37.668800354
-81.51439666750001,30.3362998962
-85.08499908450001,35.9513015747
-77.1809997559,38.715000152600005
-116.7870026,34.85369873
-107.721000671,32.262298584
-116.032997,36.6194
-114.623001099,34.7663002014
-86.52290344,30.65040016
-124.112998962,40.8033981323
-97.862999,29.8927
-91.44429779050002,46.025199890100005
-99.7634963989,30.5112991333
-91.75099945,33.6385994
-118.565002441,40.0663986206
-100.4079971,45.54650116
-90.47190094,31.17849922
-89.25199890136719,37.778099060058594
-80.80130005,33.92079926
-69.93859863,43.89220047
-81.42469788,30.39109993
-80.859497070312,33.456798553467
-97.34259796,41.44800186
-92.44789886,41.10660172
-85.71340179,31.27569962
-109.8069992,42.79550171
-73.88420104980469,41.6265983581543
-92.5381012,45.14830017
-98.811798095703,38.872100830078
-95.08229828,44.54719925
-121.60600280762,36.662799835205
-100.6490020752,30.585699081421
-92.47940063,34.59059906
-117.086998,38.06019974
-122.7699966430664,45.247100830078125
-123.20099639893,39.125999450684
-89.536796569824,34.384300231934
-95.5871963501,30.7469005585
-100.5479965,42.85779953
-117.805999756,40.8965988159
-99.5226667,36.438
-80.56659698490002,28.4675998688
-115.81099700927734,37.23500061035156
-81.89209747310001,39.9444007874
-91.738801,35.071718
-123.168154,49.177047
-121.44200134277344,37.68899917602539
-83.13690185546875,39.90119934082031
-122.42099762,48.4709014893
-85.585297,35.060699
-87.043999,31.4158
-86.94539642330001,34.652698516799994
-85.9536972,37.03179932
-71.9010009765625,41.81969833374024
-78.41310119628906,41.04859924316406
-87.1826019287,40.9478988647
-81.73690032959999,32.4827003479
-80.94889831542969,29.055700302124023
-115.17400360107422,36.10810089111328
-123.106112257,49.2868921105
-123.38800048828124,48.41809844970703
-90.236198,42.886799
-88.1278991699,43.4221992493
-84.7035980225,45.0135002136
-85.6129989624,40.10860061649999
-91.12370300293,43.019298553467
-120.488691,47.512346
-81.47309875488281,28.43560028076172
-80.150802612305,35.416698455811
-80.30380249023438,35.78110122680664
-79.43139648440001,39.055099487300005
-80.61920166015625,34.87630081176758
-106.79499816894533,35.145198822021484
-106.90299987792967,34.022499084472656
-94.21929932,36.34569931
-80.01830291748047,36.63069915771485
-80.5530014,36.45970154
-105.6719971,36.45819855
-104.5019989,36.74150085
-91.00050354003906,45.49679946899414
-100.99600219727,35.612998962402
-96.15180206,36.1753006
-92.59030151,36.29090118
-101.393997192,35.700901031499995
-120.0759964,34.60680008
-81.956497192383,34.915699005127
-95.5062027,37.32989883
-82.39550018310001,31.2490997314
-78.087303161621,40.884399414062
-82.84729766850002,38.8404998779
-84.23680114746094,31.212900161743164
-116.55999755859,48.299499511719
-83.17790222,42.54290009
-80.93440246579999,43.415599823
-68.48190307617188,47.4906005859375
-86.20079803466797,44.62519836425781
-84.51930237,45.65370178
-86.88670349121094,36.18239974975586
-78.16609954833984,39.69260025024414
-89.45459747314453,30.367799758911133
-83.31729888916016,37.59389877319336
-80.723197937,32.4774017334
-117.3550034,33.30130005
-82.371200561523,32.192699432373
-97.81690216,32.44440079
-76.38809967041016,43.35079956054688
-98.0385971069,43.7747993469
-82.6780014038086,41.780399322509766
